version https://git-lfs.github.com/spec/v1
oid sha256:9758d7231414f4d1de9721f7f15bb0450fa5e59581da678a4cffb51beb09020c
size 1047
